R1 = 133333.33;
R2 = 100000.0;
Rf = 10000.0;
Rgain = 20000.0;
Vref = 1.5;
V2 = 0.0;

Vout = [3.0,1.5,0]
V1 = (Vout-Vref)/((1+(2*Rf)/Rgain)*(R2/R1))+V2
R = V1/0.000001
